5336553644444345344544134246423443634474453456455433543434354444344554344336446734443434424442135474
2231552222211222122232222222153222143972321313222122221132199121111212232232222223322324232211141222
2772224762425225322223343411225274238762252256511426224222252321273712444222223222322212222372514722
2222332122223225222222231122322211162222222122222223222222112222222221222221122222211222221323211121
2442432212422332232212684452222313252425265641254324242452246232226535522434643524124524537424423362
2222233422111423621122222212311251411422222223222912458231222425211121231623223282223222522223222122
6222223242223652228324218422222362221764545245524242232623222297125251246222225724122121211122224222
4232224233342412225323232213216232342313322232223122122235533321125233534232433231314523232332322221
2122322222214334122221225332224135442322222222212222422222323226222122212232212224221122213432222122
2424223122212362222224552241443214224422422432222223843433512122232228212222124434222582122223222222
